6
n
1.1 0 0 1 0 0
1.025980762113 0 0 1.05 0 0
0.974019237887 0 0 1.05 0 0
0.9 0 0 1 0 0
1.025980762113 0 0 0.95 0 0
0.974019237887 0 0 0.95 0 0


### turns out hexagons are a pain
6
n
1.1 0 0 1 0.3 0
1.05 0 0 1.259808 0.15 0.25980762113
0.95 0 0 1.259808 -0.15 0.25980762113
0.9 0 0 1 -0.3 0
0.95 0 0 0.740192 -0.15 -0.25980762113
1.05 0 0 0.740192 0.15 -0.25980762113


### this version diverges
6
n
1.3 0 0 1 0 0
1.15 0 0 1.259808 0 0
0.85 0 0 1.259808 0 0
0.7 0 0 1 0 0
0.85 0 0 0.740192 0 0
1.15 0 0 0.740192 0 0
